url_path,views_total,views_unique
/hzi-bifo/Haploflow,17,12
/hzi-bifo/Haploflow/blob/master/README.md,4,1
