url_path,views_total,views_unique
/CAMI-challenge/AMBER,36,20
/CAMI-challenge/AMBER/tree/master/cami_amber,3,3
/CAMI-challenge/AMBER/tree/master/test,3,2
/CAMI-challenge/AMBER/blob/master/test/gsa_mapping.binning,2,2
/CAMI-challenge/AMBER/blob/master/tutorial.txt,2,2
/CAMI-challenge/AMBER/tree/master,2,2
/CAMI-challenge/AMBER/tree/master/cami_ii_mouse_gut,2,2
/CAMI-challenge/AMBER/blob/ea5e1411b1ca043d817d1ac69ddcdb6d11604c83/cami_amber/utils/add_length_column.py,1,1
/CAMI-challenge/AMBER/blob/ea5e1411b1ca043d817d1ac69ddcdb6d11604c83/cami_amber/utils/argparse_parents.py,1,1
/CAMI-challenge/AMBER/blob/master/cami_ii_mouse_gut/heatmap_bar.png,1,1
