url_path,views_total,views_unique
/hzi-bifo/epitope-prediction,21,9
/hzi-bifo/epitope-prediction/blob/master/README.md,1,1
